"id","genome_fraction","observed_region_hits","fold_enrichment","p_value","p_adjust","mean_tss_dist","observed_gene_hits","gene_set_size","fold_enrichment_hyper","p_value_hyper","p_adjust_hyper"
"Acetylation",0.259079244937812,1422,1.10169974908418,1.41293020137212e-05,0.00507241942292591,126002,863,871,1.00035177569603,0.546379750792114,0.999126086518282
"Repressor",0.0797246872402765,451,1.13548132139731,0.00305630752550645,0.371895459779473,164634,205,209,0.990302058078276,0.952672160752391,0.999126086518282
"Phosphoprotein",0.636022996786251,3261,1.02913952224743,0.00333464094290026,0.371895459779473,133456,2237,2261,0.998908085391766,0.805018064559548,0.999126086518282
"Laminin EGF-like domain",0.00125057109933308,14,2.24706649674489,0.00496933402240762,0.371895459779473,78487,9,9,1.00962502506517,0.917337439109315,0.999126086518282
"Acyltransferase",0.0106496056750771,73,1.37589600466898,0.00517960250389238,0.371895459779473,92290,48,49,0.989020432716901,0.921128405388884,0.999126086518282
"Ehlers-Danlos syndrome",0.00131658212577336,14,2.13440268107706,0.00760450390559675,0.455002817018205,112297,7,7,1.00962502506517,0.935108067562151,0.999126086518282
"Cytoplasm",0.126060009740525,682,1.0859337105609,0.0118860340894587,0.533385779764457,123504,389,395,0.994288948735066,0.92168220482873,0.999126086518282
"Cytoskeleton",0.126060009740525,682,1.0859337105609,0.0118860340894587,0.533385779764457,123504,389,395,0.994288948735066,0.92168220482873,0.999126086518282
"Isopeptide bond",0.158017403001475,845,1.07336657185645,0.0136536787308037,0.544630073817614,130658,479,483,1.0012637412137,0.506192097940304,0.999126086518282
"Dynein",0.0017396764212252,16,1.84606837378231,0.0161684536991498,0.559097059432009,158729,11,11,1.00962502506517,0.899897616045418,0.999126086518282
"Hydroxylation",0.0126917893198317,81,1.28102746593445,0.0171311076706187,0.559097059432009,76717,45,45,1.00962502506517,0.648587232931444,0.999126086518282
"Kinase",0.0394574413398471,225,1.14458981052826,0.0227825279020208,0.565390874948782,122007,132,133,1.00203385946318,0.636539879048804,0.999126086518282
"Collagen degradation",0.000562393154396672,7,2.4983558184696,0.0244490159514299,0.565390874948782,88822,5,5,1.00962502506517,0.95321564026816,0.999126086518282
"Ubl conjugation",0.229140645587839,1197,1.04854794843326,0.032576167928807,0.565390874948782,132021,700,706,1.00104464241589,0.481582543745391,0.999126086518282
"Chloride",0.00450954067240807,32,1.42434090526726,0.033377848977051,0.565390874948782,147075,20,20,1.00962502506517,0.82535296673998,0.999126086518282
"Chloride channel",0.00450954067240807,32,1.42434090526726,0.033377848977051,0.565390874948782,147075,20,20,1.00962502506517,0.82535296673998,0.999126086518282
"Transferase",0.0917540273223277,495,1.0828700447839,0.0344218471020121,0.565390874948782,117784,296,298,1.00284901818554,0.452795878594178,0.999126086518282
"DNA synthesis",0.000742494104487658,8,2.16268493071382,0.0351420681248642,0.565390874948782,227907,5,5,1.00962502506517,0.95321564026816,0.999126086518282
"Tyrosine-protein kinase",0.00958173438514367,61,1.27785619921212,0.0355212479660698,0.565390874948782,104549,33,33,1.00962502506517,0.728242843676473,0.999126086518282
"Chaperone",0.011434721072227,71,1.24631852468382,0.0392204073357801,0.565390874948782,162398,43,44,0.986679001768234,0.934642370195851,0.999126086518282
"Microtubule",0.0295809963091,169,1.14675379004171,0.0408547560128573,0.565390874948782,128020,93,94,0.998884333309157,0.77449097672423,0.999126086518282
"Blood coagulation",0.000769002469436115,8,2.08813479116234,0.041647673519686,0.565390874948782,51979,6,6,1.00962502506517,0.944119347875939,0.999126086518282
"Hemostasis",0.000769002469436115,8,2.08813479116234,0.041647673519686,0.565390874948782,51979,6,6,1.00962502506517,0.944119347875939,0.999126086518282
"FAD",0.0053172661455434,36,1.35897159392582,0.0446937632068449,0.565390874948782,101766,23,23,1.00962502506517,0.801875368235243,0.999126086518282
"Activator",0.0761725663371833,412,1.08566267015709,0.044978745043502,0.565390874948782,125507,229,232,0.996569529051396,0.821599827013805,0.999126086518282
"Transcription",0.22014183534563,1147,1.04582040666686,0.0450054204007272,0.565390874948782,138760,645,651,1.00031972529498,0.571047990371599,0.999126086518282
"Flavoprotein",0.00568058667689578,38,1.34272378641617,0.0463625066939919,0.565390874948782,97183,25,25,1.00962502506517,0.786588252630555,0.999126086518282
"Nuclear pore complex",0.00201463573608272,16,1.59411528561645,0.0498570197758721,0.565390874948782,107291,10,10,1.00962502506517,0.908576556284554,0.999126086518282
"Nucleus",0.00201463573608272,16,1.59411528561645,0.0498570197758721,0.565390874948782,107291,10,10,1.00962502506517,0.908576556284554,0.999126086518282
"Translocation",0.00201463573608272,16,1.59411528561645,0.0498570197758721,0.565390874948782,107291,10,10,1.00962502506517,0.908576556284554,0.999126086518282
"mRNA transport",0.00201463573608272,16,1.59411528561645,0.0498570197758721,0.565390874948782,107291,10,10,1.00962502506517,0.908576556284554,0.999126086518282
"Cell cycle",0.026052005253854,149,1.14799867848744,0.0503969582127048,0.565390874948782,114685,85,88,0.975205990119766,0.99056028916587,0.999126086518282
"Serine/threonine-protein kinase",0.0308453413627691,174,1.13228549578158,0.0542232272500973,0.573393401208513,122310,107,108,1.00027664520345,0.72475732960181,0.999126086518282
"Coiled coil",0.202693613719066,1056,1.04573135360411,0.054304667523926,0.573393401208513,130080,568,573,1.00081503357245,0.530288123085424,0.999126086518282
"Biological rhythms",0.0144660305698623,86,1.19328820950687,0.0585676869731555,0.600737132096081,132345,46,47,0.988143641553145,0.926634764929514,0.999126086518282
"Aminopeptidase",0.00192029714317792,15,1.56790267129755,0.0626546196053488,0.624805789953339,156729,9,10,0.908662522558652,0.996185384532161,0.999126086518282
"Kinetochore",0.00446276120485197,30,1.34931665947095,0.0662889726952135,0.632683905285075,166812,19,19,1.00962502506517,0.833327391539401,0.999126086518282
"Nonsense-mediated mRNA decay",0.0025991191946031,19,1.46731609456477,0.0675651211098948,0.632683905285075,135823,8,8,1.00962502506517,0.926181021571103,0.999126086518282
"Growth factor binding",0.00131190417901775,11,1.68301058135755,0.068731677732919,0.632683905285075,59342,9,9,1.00962502506517,0.917337439109315,0.999126086518282
"Protein transport",0.0038242214727112,26,1.36466668385392,0.0745082586628869,0.647460624482302,156548,18,18,1.00962502506517,0.841377243580836,0.999126086518282
"Ubl conjugation pathway",0.0554786293200189,300,1.08540497751168,0.0776667153837571,0.647460624482302,133622,174,174,1.00962502506517,0.183379104321301,0.999126086518282
"Leucine-rich repeat",0.0218478305502149,124,1.13922535750372,0.0798916375754328,0.647460624482302,134443,76,76,1.00962502506517,0.480221679797116,0.999126086518282
"Proteasome",0.00200112166767762,15,1.50457569327501,0.0816767021369236,0.647460624482302,55774,10,10,1.00962502506517,0.908576556284554,0.999126086518282
"Serine protease inhibitor",0.00200268098326283,15,1.50340420947542,0.0820765601250435,0.647460624482302,45080,15,15,1.00962502506517,0.865986376005226,0.999126086518282
"Ion channel",0.0321361947813866,178,1.11178760540899,0.0828004189993313,0.647460624482302,159947,97,97,1.00962502506517,0.391339648792477,0.999126086518282
"RNA-mediated gene silencing",0.00284237242589483,20,1.41235961576515,0.0829615284851974,0.647460624482302,225734,9,9,1.00962502506517,0.917337439109315,0.999126086518282
"Autophagy",0.0120295999679821,71,1.18468650120038,0.0874156205039122,0.66770654810435,179453,40,40,1.00962502506517,0.680682754899554,0.999126086518282
"Wnt signaling pathway",0.0225716128676801,127,1.12937301037292,0.0919353863756442,0.67091694774876,139090,64,64,1.00962502506517,0.539591623162201,0.999126086518282
"Dwarfism",0.0169302689663453,97,1.15001671686966,0.0930484760864525,0.67091694774876,125555,53,53,1.00962502506517,0.60029160002141,0.999126086518282
"Lipid droplet",0.00375665113068572,25,1.3357814871691,0.0942291447388417,0.67091694774876,108074,14,14,1.00962502506517,0.87434498168555,0.999126086518282
"WD repeat",0.0216877408168007,122,1.12912440135532,0.0970893042068269,0.67091694774876,138592,70,70,1.00962502506517,0.50905985304037,0.999126086518282
"Collagen",0.0077126347703466,47,1.22318280912542,0.0982241099142782,0.67091694774876,140083,30,30,1.00962502506517,0.749608039816083,0.999126086518282
"Cell junction",0.0117637366607049,69,1.17733505038774,0.0990490201411819,0.67091694774876,121055,37,38,0.983055945458191,0.949662689358209,0.999126086518282
"Chromatin regulator",0.0270920687491846,150,1.11133595900251,0.103820109330823,0.683618428029013,146744,82,84,0.985586333992189,0.954745480028773,0.999126086518282
"ANK repeat",0.0250254558269284,139,1.11488245339775,0.106328503389134,0.683618428029013,154159,74,75,0.9961633580643,0.840235352219821,0.999126086518282
"Initiation factor",0.00110659429363264,9,1.63248936189069,0.106636857854108,0.683618428029013,96422,7,7,1.00962502506517,0.935108067562151,0.999126086518282
"Signal-anchor",0.0390592960937585,212,1.08945105890327,0.109189045428427,0.684101299479295,147655,129,130,1.00185867871851,0.64697833956083,0.999126086518282
"DNA-binding",0.000968075092480409,8,1.6587357978656,0.115443274877792,0.684101299479295,91879,6,6,1.00962502506517,0.944119347875939,0.999126086518282
"Nucleosome core",0.000968075092480409,8,1.6587357978656,0.115443274877792,0.684101299479295,91879,6,6,1.00962502506517,0.944119347875939,0.999126086518282
"Heme biosynthesis",0.000823058743056498,7,1.7071177742874,0.121318556444328,0.684101299479295,54221,7,7,1.00962502506517,0.935108067562151,0.999126086518282
"Postsynaptic cell membrane",0.016529524860948,93,1.12932477394068,0.130562884953383,0.684101299479295,179409,51,51,1.00962502506517,0.612024600431498,0.999126086518282
"Triplet repeat expansion",0.00374495626379669,24,1.28635479119696,0.132112138263746,0.684101299479295,172912,12,12,1.00962502506517,0.891299868121417,0.999126086518282
"Heparin-binding",0.0137211974919968,78,1.14103473225243,0.133627033105519,0.684101299479295,151069,32,32,1.00962502506517,0.735297466581916,0.999126086518282
"Potassium channel",0.00905494560327581,53,1.17486049485397,0.135468328357087,0.684101299479295,191307,28,28,1.00962502506517,0.764191216768457,0.999126086518282
"Phospholipid biosynthesis",0.00484323420764158,30,1.2433175400534,0.137500399519735,0.684101299479295,76426,16,16,1.00962502506517,0.85770602818685,0.999126086518282
"Phospholipid metabolism",0.00484323420764158,30,1.2433175400534,0.137500399519735,0.684101299479295,76426,16,16,1.00962502506517,0.85770602818685,0.999126086518282
"Amyotrophic lateral sclerosis",0.00134387014851441,10,1.49361604308871,0.139841084092665,0.684101299479295,59315,8,8,1.00962502506517,0.926181021571103,0.999126086518282
"Spliceosome",0.0102067600488793,59,1.16027352693867,0.14105347302123,0.684101299479295,131926,33,33,1.00962502506517,0.728242843676473,0.999126086518282
"mRNA splicing",0.0102067600488793,59,1.16027352693867,0.14105347302123,0.684101299479295,131926,33,33,1.00962502506517,0.728242843676473,0.999126086518282
"Neurogenesis",0.039481090959556,212,1.07781194630495,0.141056175119676,0.684101299479295,136611,107,109,0.99109979524746,0.915284123144267,0.999126086518282
"Amino-acid biosynthesis",0.00135036729678609,10,1.48642966874744,0.14283963958684,0.684101299479295,226027,6,6,1.00962502506517,0.944119347875939,0.999126086518282
"Calcium channel",0.00764116613935811,45,1.1820862021173,0.147979796474843,0.684101299479295,176028,25,25,1.00962502506517,0.786588252630555,0.999126086518282
"Calcium transport",0.00764116613935811,45,1.1820862021173,0.147979796474843,0.684101299479295,176028,25,25,1.00962502506517,0.786588252630555,0.999126086518282
"Ribosome biogenesis",0.0050698547393578,31,1.22733312140231,0.148133919232817,0.684101299479295,141732,15,15,1.00962502506517,0.865986376005226,0.999126086518282
"Tight junction",0.0106259560553682,61,1.15228019196203,0.148325794305135,0.684101299479295,119985,30,31,0.977056475869519,0.965279483839092,0.999126086518282
"Deafness",0.0127040039585825,72,1.13759625275544,0.149742131770768,0.684101299479295,146090,44,44,1.00962502506517,0.654885470273282,0.999126086518282
"Palmitate",0.0312962434528237,169,1.08390387753102,0.153049655408151,0.684101299479295,136920,96,96,1.00962502506517,0.395180234182382,0.999126086518282
"Glucose metabolism",0.0010418826968467,8,1.54122994438747,0.153923248691606,0.684101299479295,18404,6,6,1.00962502506517,0.944119347875939,0.999126086518282
"Calcium",0.0108525765870844,62,1.14671397937289,0.15472603884494,0.684101299479295,152082,36,36,1.00962502506517,0.707474263219177,0.999126086518282
"Cataract",0.00861132031928546,50,1.16545775747876,0.155736156544718,0.684101299479295,115300,29,30,0.975970857562997,0.967323969089008,0.999126086518282
"Ribosomal protein",0.00880389579405807,51,1.16276395235387,0.15685320146605,0.684101299479295,75834,36,36,1.00962502506517,0.707474263219177,0.999126086518282
"Cell division",0.0188479672502145,104,1.10755447867798,0.158532334092283,0.684101299479295,111430,55,55,1.00962502506517,0.588778932644827,0.999126086518282
"Mitosis",0.0188479672502145,104,1.10755447867798,0.158532334092283,0.684101299479295,111430,55,55,1.00962502506517,0.588778932644827,0.999126086518282
"Williams-Beuren syndrome",0.00207518915797478,14,1.35414952815735,0.161232491475996,0.684101299479295,181082,12,12,1.00962502506517,0.891299868121417,0.999126086518282
"Protease inhibitor",0.00351001938229272,22,1.25808343176261,0.166948495074267,0.684101299479295,42839,21,21,1.00962502506517,0.817453277327514,0.999126086518282
"4Fe-4S",0.00174539391170427,12,1.38001582349227,0.168309520403135,0.684101299479295,201320,11,11,1.00962502506517,0.899897616045418,0.999126086518282
"Guanine-nucleotide releasing factor",0.0281859286322048,152,1.08244918255441,0.171092451519538,0.684101299479295,119248,58,58,1.00962502506517,0.571914213981987,0.999126086518282
"Bromodomain",0.00280702793929688,18,1.28712891453209,0.171403122919808,0.684101299479295,252617,8,8,1.00962502506517,0.926181021571103,0.999126086518282
"TPR repeat",0.012875268787024,72,1.12246412384329,0.176764150151586,0.684101299479295,103992,43,43,1.00962502506517,0.66124358163516,0.999126086518282
"Voltage-gated channel",0.0180363434881162,99,1.10174978360882,0.177995922406228,0.684101299479295,143107,52,52,1.00962502506517,0.606130302514021,0.999126086518282
"Nephronophthisis",0.00142417490115239,10,1.4093957224109,0.179150289380381,0.684101299479295,172286,5,5,1.00962502506517,0.95321564026816,0.999126086518282
"Limb-girdle muscular dystrophy",0.00631184960297226,37,1.17663390569454,0.181307760483167,0.684101299479295,198314,15,15,1.00962502506517,0.865986376005226,0.999126086518282
"Ribonucleoprotein",0.00931067335924916,53,1.14259167536711,0.182204882458086,0.684101299479295,75364,37,37,1.00962502506517,0.700681151669963,0.999126086518282
"Serine protease",0.0106376509222572,60,1.13214432113921,0.183281734617762,0.684101299479295,102401,33,33,1.00962502506517,0.728242843676473,0.999126086518282
"Intermediate filament",0.00109645874232882,8,1.46451548875311,0.185813161560336,0.684101299479295,41628,8,8,1.00962502506517,0.926181021571103,0.999126086518282
"One-carbon metabolism",0.00144054771479702,10,1.39337697254406,0.187736470149275,0.684101299479295,53000,6,6,1.00962502506517,0.944119347875939,0.999126086518282
"Diabetes mellitus",0.00578142241807226,34,1.18043068866133,0.187921027585037,0.684101299479295,267518,17,17,1.00962502506517,0.849503220983629,0.999126086518282
"Kringle",0.00127136197380246,9,1.4209198084486,0.188964085265632,0.684101299479295,276313,5,5,1.00962502506517,0.95321564026816,0.999126086518282
"SH3 domain",0.0317034847064926,169,1.06998079058872,0.195752706882177,0.684101299479295,135899,75,75,1.00962502506517,0.484914399795135,0.999126086518282
"Non-syndromic deafness",0.0120342779147377,67,1.11750903433764,0.195831938614984,0.684101299479295,137995,40,40,1.00962502506517,0.680682754899554,0.999126086518282
"Amelogenesis imperfecta",0.00181244448186802,12,1.32896275746689,0.199698048805858,0.684101299479295,139240,5,5,1.00962502506517,0.95321564026816,0.999126086518282
"Growth factor",0.00714140549430044,41,1.15238193133404,0.201230809650277,0.684101299479295,159595,33,33,1.00962502506517,0.728242843676473,0.999126086518282
"NAD",0.0139953771490617,77,1.1043389642511,0.205021448079998,0.684101299479295,106293,42,42,1.00962502506517,0.667662123984703,0.999126086518282
"Congenital muscular dystrophy",0.00147771140291103,10,1.35833425234114,0.207884143333822,0.684101299479295,57776,7,7,1.00962502506517,0.935108067562151,0.999126086518282
"Fanconi anemia",0.00236574162868434,15,1.27268294388856,0.208748529293931,0.684101299479295,160330,7,7,1.00962502506517,0.935108067562151,0.999126086518282
"Cilium",0.00660941899381523,38,1.15402864593758,0.208913479792063,0.684101299479295,137946,25,26,0.970793293331894,0.974992624518113,0.999126086518282
"Flagellum",0.00660941899381523,38,1.15402864593758,0.208913479792063,0.684101299479295,137946,25,26,0.970793293331894,0.974992624518113,0.999126086518282
"Monooxygenase",0.00455969865706544,27,1.18856763230502,0.209246101749248,0.684101299479295,134532,17,17,1.00962502506517,0.849503220983629,0.999126086518282
"Host cell receptor for virus entry",0.00438765417083134,26,1.18942547254105,0.213347654696213,0.684101299479295,138891,15,15,1.00962502506517,0.865986376005226,0.999126086518282
"Pharmaceutical",0.00440324732668337,26,1.18521337737771,0.218359838757129,0.684101299479295,73693,8,9,0.897444466724595,0.996929681265415,0.999126086518282
"Ion transport",0.0442284272587076,232,1.05288942887952,0.219784089667623,0.684101299479295,140167,136,136,1.00962502506517,0.266970912776095,0.999126086518282
"Synapse",0.0231586951855092,124,1.07474114451937,0.220212952796362,0.684101299479295,163444,68,69,0.994992778325095,0.860127469469154,0.999126086518282
"Protein phosphatase inhibitor",0.00312148991564622,19,1.22176573655335,0.221215402467662,0.684101299479295,179709,10,10,1.00962502506517,0.908576556284554,0.999126086518282
"Hearing",0.00312798706391791,19,1.21922800446513,0.223745607742814,0.684101299479295,143686,17,17,1.00962502506517,0.849503220983629,0.999126086518282
"Antiport",0.00535235074621047,31,1.16255472358904,0.223860336413281,0.684101299479295,66704,20,20,1.00962502506517,0.82535296673998,0.999126086518282
"Potassium transport",0.0100814950302013,56,1.1149601961576,0.224121315702015,0.684101299479295,184495,31,31,1.00962502506517,0.742418991681982,0.999126086518282
"Alternative initiation",0.012209700918073,67,1.10145321180985,0.229191250735591,0.684101299479295,112910,32,33,0.979030327335922,0.961045399556096,0.999126086518282
"Usher syndrome",0.00116844714517904,8,1.37428622042913,0.231700717404812,0.684101299479295,150308,8,8,1.00962502506517,0.926181021571103,0.999126086518282
"Fertilization",0.0018823537972713,12,1.27960600173603,0.234954480679119,0.684101299479295,94820,8,9,0.897444466724595,0.996929681265415,0.999126086518282
"Homeobox",0.0340276445862382,179,1.05588694372488,0.239632411691106,0.684101299479295,153358,82,82,1.00962502506517,0.452985049287631,0.999126086518282
"Parkinsonism",0.00428837774524006,25,1.17015462075203,0.242176871388999,0.684101299479295,289248,11,12,0.925489606309739,0.994472843209427,0.999126086518282
"tRNA-binding",0.00153956425445743,10,1.30376241708503,0.24325838286416,0.684101299479295,62715,7,7,1.00962502506517,0.935108067562151,0.999126086518282
"Magnesium",0.0548801120212316,285,1.04238018622974,0.243663372524829,0.684101299479295,114223,163,166,0.991378789672425,0.927750893274746,0.999126086518282
"RNA-binding",0.00355082147343888,21,1.18709843910595,0.24468453008493,0.684101299479295,47910,13,13,1.00962502506517,0.882782568963578,0.999126086518282
"Mitogen",0.00263654276864799,16,1.2180957805913,0.248259673382166,0.684101299479295,104032,12,12,1.00962502506517,0.891299868121417,0.999126086518282
"Oogenesis",0.00119599505385096,8,1.34263164864176,0.250234243147906,0.684101299479295,29056,7,7,1.00962502506517,0.935108067562151,0.999126086518282
"Lissencephaly",0.00191276045118277,12,1.25926443893669,0.250999576336708,0.684101299479295,28309,9,9,1.00962502506517,0.917337439109315,0.999126086518282
"ADP-ribosylation",0.00772095112013435,43,1.11787676471407,0.251966694964879,0.684101299479295,79240,24,24,1.00962502506517,0.794195795674331,0.999126086518282
"Heparan sulfate",0.00338787299478513,20,1.18494761565077,0.253566301787834,0.684101299479295,170546,9,9,1.00962502506517,0.917337439109315,0.999126086518282
"Proteoglycan",0.00338787299478513,20,1.18494761565077,0.253566301787834,0.684101299479295,170546,9,9,1.00962502506517,0.917337439109315,0.999126086518282
"Pyridoxal phosphate",0.00507713154542208,29,1.14650475125686,0.255070778857035,0.684101299479295,122049,19,19,1.00962502506517,0.833327391539401,0.999126086518282
"Growth arrest",0.00068246045445733,5,1.47058045674252,0.255783622557514,0.684101299479295,182744,5,6,0.841354187554308,0.998697102229266,0.999126086518282
"Ligand-gated ion channel",0.00735555150133503,41,1.11883203515981,0.256138945866356,0.684101299479295,158471,26,26,1.00962502506517,0.779052077755052,0.999126086518282
"Integrin",0.000683499998180798,5,1.46834383247371,0.256746687502549,0.684101299479295,69250,6,6,1.00962502506517,0.944119347875939,0.999126086518282
"Ciliopathy",0.00395884238490042,23,1.16615398708508,0.258049662386899,0.684101299479295,105882,17,18,0.953534745894882,0.987644836831106,0.999126086518282
"Nemaline myopathy",0.000686098857489471,5,1.46278192401737,0.259158152448981,0.684101299479295,58085,5,5,1.00962502506517,0.95321564026816,0.999126086518282
"Basement membrane",0.003421398279867,20,1.17333665914344,0.267108239764653,0.689869482557629,200043,10,10,1.00962502506517,0.908576556284554,0.999126086518282
"Extracellular matrix",0.003421398279867,20,1.17333665914344,0.267108239764653,0.689869482557629,200043,10,10,1.00962502506517,0.908576556284554,0.999126086518282
"Secreted",0.003421398279867,20,1.17333665914344,0.267108239764653,0.689869482557629,200043,10,10,1.00962502506517,0.908576556284554,0.999126086518282
"tRNA processing",0.00380576957161962,22,1.16031650023121,0.271100071254499,0.6943681713821,99701,18,18,1.00962502506517,0.841377243580836,0.999126086518282
"Aminotransferase",0.00105123859035792,7,1.33657403984381,0.273207225868033,0.6943681713821,276632,5,5,1.00962502506517,0.95321564026816,0.999126086518282
"Intellectual disability",0.0850658628914597,436,1.0287917058664,0.2746525914659,0.6943681713821,172635,213,214,1.00490715111627,0.38797104703173,0.999126086518282
"Long QT syndrome",0.00214691767489414,13,1.21541400877076,0.278388005534275,0.697814939446591,156812,6,6,1.00962502506517,0.944119347875939,0.999126086518282
"Dystonia",0.00458360816270523,26,1.1385763028242,0.280054003086582,0.697814939446591,113928,16,17,0.950235317708395,0.988950943438394,0.999126086518282
"Disease variant",0.33106374949907,1669,1.01190789443102,0.281847259665058,0.697814939446591,136847,1016,1028,0.997839518936004,0.835189444116067,0.999126086518282
"Notch signaling pathway",0.00670141861334223,37,1.10823344712648,0.287453598755291,0.704872288215292,114724,18,18,1.00962502506517,0.841377243580836,0.999126086518282
"Potassium",0.0154156537612511,82,1.06769739167955,0.289952991429124,0.704872288215292,154348,41,41,1.00962502506517,0.674141659356975,0.999126086518282
"Retinitis pigmentosa",0.00556441766579813,31,1.11824830845436,0.290588018540009,0.704872288215292,82982,26,26,1.00962502506517,0.779052077755052,0.999126086518282
"Translocase",0.0116031271554289,62,1.07253855946945,0.30680138891957,0.739206031020978,173649,29,29,1.00962502506517,0.756865237458514,0.999126086518282
"Chromosome",0.00582092507956408,32,1.10345403108302,0.312221494969545,0.747250111293778,127541,19,19,1.00962502506517,0.833327391539401,0.999126086518282
"Glycolysis",0.00334992964887851,19,1.13845060215223,0.316881152346128,0.753379693326225,57377,9,9,1.00962502506517,0.917337439109315,0.999126086518282
"Lipid biosynthesis",0.00798759408520412,43,1.08055964870312,0.325696587861381,0.765384647326489,82182,25,25,1.00962502506517,0.786588252630555,0.999126086518282
"Nucleotide metabolism",0.00112166767762294,7,1.25265106375538,0.32782914015436,0.765384647326489,60789,4,5,0.807700020052135,0.999126086518282,0.999126086518282
"Gap junction",0.00186390189617973,11,1.18458413478707,0.328326561805792,0.765384647326489,134048,8,8,1.00962502506517,0.926181021571103,0.999126086518282
"Antiviral defense",0.00282054200770198,16,1.13863279223245,0.335654459310036,0.773806952596474,38822,13,13,1.00962502506517,0.882782568963578,0.999126086518282
"Palmoplantar keratoderma",0.00113232300078849,7,1.24086343611848,0.336250374944429,0.773806952596474,152503,6,6,1.00962502506517,0.944119347875939,0.999126086518282
"Multifunctional enzyme",0.00397807394378459,22,1.11005911213078,0.340845047507965,0.778127499922188,55975,17,17,1.00962502506517,0.849503220983629,0.999126086518282
"Calmodulin-binding",0.0141092071867816,74,1.05275032851735,0.343895697186328,0.778127499922188,165756,42,43,0.986145373319468,0.937240902665488,0.999126086518282
"Congenital disorder of glycosylation",0.00246293896682868,14,1.1409606396894,0.347202059391138,0.778127499922188,198786,10,10,1.00962502506517,0.908576556284554,0.999126086518282
"Craniosynostosis",0.00767235245106218,41,1.07263407259427,0.347337480099491,0.778127499922188,151283,12,12,1.00962502506517,0.891299868121417,0.999126086518282
"SH2 domain",0.00689971157859392,37,1.07638358008224,0.348965257625271,0.778127499922188,181159,22,22,1.00962502506517,0.809627637656249,0.999126086518282
"Alternative splicing",0.748096985271225,3739,1.003214584846,0.354810461488741,0.779706003254429,140049,2767,2789,1.00166096965053,0.116727406180797,0.999126086518282
"Aminoacyl-tRNA synthetase",0.00286602204560374,16,1.12056417247903,0.35833655311504,0.779706003254429,99821,10,10,1.00962502506517,0.908576556284554,0.999126086518282
"Ligase",0.00286602204560374,16,1.12056417247903,0.35833655311504,0.779706003254429,99821,10,10,1.00962502506517,0.908576556284554,0.999126086518282
"Proto-oncogene",0.0269946115251094,139,1.0335559585205,0.358360697874598,0.779706003254429,167561,61,64,0.96229885201524,0.996961449588966,0.999126086518282
"Acute phase",0.00116428897028516,7,1.20679508731433,0.361668287987148,0.782162140887869,182544,6,6,1.00962502506517,0.944119347875939,0.999126086518282
"Myogenesis",0.0087069583418446,46,1.06044376236558,0.364722964458648,0.78404517509374,176123,18,18,1.00962502506517,0.841377243580836,0.999126086518282
"Taste",0.00212586691449389,12,1.13303010642715,0.371989975418773,0.790312509084143,82045,10,10,1.00962502506517,0.908576556284554,0.999126086518282
"Protein biosynthesis",0.00366491139708959,20,1.095374919701,0.372041264722062,0.790312509084143,69020,13,13,1.00962502506517,0.882782568963578,0.999126086518282
"Kelch repeat",0.0103164319117053,54,1.05065594058805,0.376090932170941,0.794215556760988,87619,27,27,1.00962502506517,0.77158661564041,0.999126086518282
"Sarcoplasmic reticulum",0.00467041006361488,25,1.07443778292968,0.386680435370267,0.8078481418682,205862,13,13,1.00962502506517,0.882782568963578,0.999126086518282
"Glycosidase",0.00721365378308153,38,1.05736414322458,0.387066998041014,0.8078481418682,177890,11,11,1.00962502506517,0.899897616045418,0.999126086518282
"Coated pit",0.00780931233662921,41,1.05382219345496,0.389297293992196,0.8078481418682,113883,20,20,1.00962502506517,0.82535296673998,0.999126086518282
"Sialic acid",0.0015866036079444,9,1.13859782193785,0.394108381204523,0.812334066655894,125931,7,7,1.00962502506517,0.935108067562151,0.999126086518282
"Epilepsy",0.0407391987508843,207,1.01989189175291,0.3959845728824,0.812334066655894,159732,98,99,0.999426792488754,0.756781627489785,0.999126086518282
"Metalloprotease",0.0159510187788376,82,1.03186219890604,0.402443952996495,0.820894199578079,164151,48,49,0.989020432716901,0.921128405388884,0.999126086518282
"Leigh syndrome",0.00122172376100682,7,1.15006211256503,0.407617246649934,0.821804940147014,79464,5,5,1.00962502506517,0.95321564026816,0.999126086518282
"Hereditary spastic paraplegia",0.00315943326155284,17,1.08003048038002,0.408247878718099,0.821804940147014,85257,14,14,1.00962502506517,0.87434498168555,0.999126086518282
"Manganese",0.0171740419694987,88,1.02850505148893,0.409757894947954,0.821804940147014,107184,52,52,1.00962502506517,0.606130302514021,0.999126086518282
"rRNA-binding",0.00201125721898144,11,1.09779524676223,0.419475364330516,0.825811408478512,34450,6,6,1.00962502506517,0.944119347875939,0.999126086518282
"Rotamase",0.00259937908053397,14,1.08107218379688,0.421463135933606,0.825811408478512,205224,6,6,1.00962502506517,0.944119347875939,0.999126086518282
"Angiogenesis",0.0196180092633741,100,1.023154789409,0.422339040256017,0.825811408478512,139842,49,49,1.00962502506517,0.623982059280715,0.999126086518282
"Transit peptide",0.0471136808631955,238,1.01397255000231,0.422464171916617,0.825811408478512,121747,138,139,1.00236153567621,0.615844138076026,0.999126086518282
"Isomerase",0.00279897147544,15,1.07569478534982,0.423670228549797,0.825811408478512,191762,7,7,1.00962502506517,0.935108067562151,0.999126086518282
"Oxidoreductase",0.0132760128924213,68,1.02810512489076,0.425557411054386,0.825811408478512,120033,45,46,0.987676654955057,0.92933841993183,0.999126086518282
"Allosteric enzyme",0.00516835150715648,27,1.04859552012831,0.428456683721689,0.825940441081426,163494,16,16,1.00962502506517,0.85770602818685,0.999126086518282
"Peroxisome",0.00557507298896368,29,1.04410389803067,0.433012252172271,0.825940441081426,86786,22,23,0.965728284844945,0.980177564918368,0.999126086518282
"GTPase activation",0.0266435056325078,135,1.01704150940264,0.433075624540025,0.825940441081426,173774,64,65,0.994092332371859,0.873050779540052,0.999126086518282
"Heme",0.00755904218520407,39,1.03560494324987,0.434916908112018,0.825940441081426,126937,25,25,1.00962502506517,0.786588252630555,0.999126086518282
"Gamma-carboxyglutamic acid",0.00262900607665284,14,1.06888928255599,0.43771023855508,0.825940441081426,70384,5,5,1.00962502506517,0.95321564026816,0.999126086518282
"Reference proteome",0.972013663762701,4845,1.00050137139885,0.439427922692347,0.825940441081426,131415,4648,4692,1.00015710070394,0.415287851640584,0.999126086518282
"Primary mitochondrial disease",0.00185480588859938,10,1.08217578237519,0.44429361323519,0.830736495580381,56752,8,8,1.00962502506517,0.926181021571103,0.999126086518282
"Cilium biogenesis/degradation",0.0155546927342651,79,1.01944061375748,0.446911357922287,0.831301437793269,98367,39,39,1.00962502506517,0.687285982917981,0.999126086518282
"Congenital hypothyroidism",0.00147329334208629,8,1.08992606227719,0.451840549657454,0.833242334051163,91277,5,5,1.00962502506517,0.95321564026816,0.999126086518282
"Actin capping",0.0024587807919348,13,1.06125516609822,0.452596810974866,0.833242334051163,65422,8,8,1.00962502506517,0.926181021571103,0.999126086518282
"Hypotrichosis",0.00346609865997616,18,1.04238429975715,0.461817963324475,0.84588086139534,150603,8,8,1.00962502506517,0.926181021571103,0.999126086518282
"Mitochondrion",0.0393815546480339,197,1.00408307448223,0.486791634463112,0.880022663124699,128364,112,113,1.00069029033008,0.706960013337739,0.999126086518282
"ATP-binding",0.0117283921741069,59,1.00974057694585,0.487812005464666,0.880022663124699,83084,34,34,1.00962502506517,0.721254507711564,0.999126086518282
"Helicase",0.0117283921741069,59,1.00974057694585,0.487812005464666,0.880022663124699,83084,34,34,1.00962502506517,0.721254507711564,0.999126086518282
"Lipid metabolism",0.0207648858762912,104,1.00531015033344,0.491706482253653,0.88160732932929,144529,57,58,0.992217697046805,0.894877534818874,0.999126086518282
"Mitochondrion inner membrane",0.0260299149497303,130,1.00245960187854,0.500812925476185,0.88160732932929,102239,73,74,0.99598144364537,0.843588509925786,0.999126086518282
"Signal transduction inhibitor",0.00396040170048562,20,1.01364768801256,0.505803794108614,0.88160732932929,159646,12,12,1.00962502506517,0.891299868121417,0.999126086518282
"Mitochondrion outer membrane",0.0132157193564601,66,1.00241926547938,0.508824162052489,0.88160732932929,181884,37,37,1.00962502506517,0.700681151669963,0.999126086518282
"Cone-rod dystrophy",0.00195512185791412,10,1.02665008092672,0.50929529831555,0.88160732932929,93992,6,6,1.00962502506517,0.944119347875939,0.999126086518282
"Diamond-Blackfan anemia",0.00175371026149203,9,1.0301036904165,0.509310632512939,0.88160732932929,58239,5,6,0.841354187554308,0.998697102229266,0.999126086518282
"Biomineralization",0.00216536957598571,11,1.0196636359449,0.514661833714883,0.88160732932929,216529,7,7,1.00962502506517,0.935108067562151,0.999126086518282
"Carbohydrate metabolism",0.00297777299587665,15,1.01110427982349,0.517512234006909,0.88160732932929,49534,12,12,1.00962502506517,0.891299868121417,0.999126086518282
"Chromosome partition",0.00196811615445749,10,1.01987172307034,0.517569370004338,0.88160732932929,83685,8,8,1.00962502506517,0.926181021571103,0.999126086518282
"Cytoplasmic vesicle",0.0721529106444599,359,0.998704185962551,0.517982000284306,0.88160732932929,130820,200,202,0.999628737688287,0.697380371200017,0.999126086518282
"Thiol protease",0.0118450809570663,59,0.999793376124208,0.51825953984195,0.88160732932929,93987,35,35,1.00962502506517,0.714331848969281,0.999126086518282
"NADP",0.0128643535779276,64,0.998592460129192,0.521464840390435,0.88160732932929,120678,40,40,1.00962502506517,0.680682754899554,0.999126086518282
"Lipid transport",0.0156872345590074,78,0.998032052594868,0.522402406784428,0.88160732932929,149287,45,45,1.00962502506517,0.648587232931444,0.999126086518282
"Steroidogenesis",0.0015715302239541,8,1.02179441823208,0.523070643863896,0.88160732932929,138418,5,5,1.00962502506517,0.95321564026816,0.999126086518282
"Vitamin C",0.00177943896864788,9,1.01520953745152,0.526556745514805,0.883335848784182,81049,8,8,1.00962502506517,0.926181021571103,0.999126086518282
"ER-Golgi transport",0.00704706690139564,35,0.99690994084087,0.530030782264714,0.885028143409452,163278,19,19,1.00962502506517,0.833327391539401,0.999126086518282
"Zinc-finger",0.162580480175641,808,0.997560480370321,0.536168072516408,0.891131194599029,137367,465,468,1.00315306977629,0.335441686749974,0.999126086518282
"Telomere",0.00485284998708367,24,0.992683154348425,0.54168069606893,0.896144561699289,139428,13,13,1.00962502506517,0.882782568963578,0.999126086518282
"Centromere",0.00853777260085004,42,0.987417872489018,0.5535554055612,0.910838119398318,136676,26,26,1.00962502506517,0.779052077755052,0.999126086518282
"Parkinson disease",0.00305391957362075,15,0.98589335700941,0.55635233232714,0.910838119398318,424921,4,5,0.807700020052135,0.999126086518282,0.999126086518282
"Endocytosis",0.0182738792289288,90,0.988571386323053,0.558173777904262,0.910838119398318,109011,42,42,1.00962502506517,0.667662123984703,0.999126086518282
"S-adenosyl-L-methionine",0.0175001988127371,86,0.986397006233936,0.565640598576692,0.914482602065085,118489,46,46,1.00962502506517,0.642348317664769,0.999126086518282
"Redox-active center",0.00368908078866024,18,0.979378612600289,0.566644324158491,0.914482602065085,131425,11,12,0.925489606309739,0.994472843209427,0.999126086518282
"Apoptosis",0.0585070800724146,289,0.991483966088585,0.56804908150561,0.914482602065085,129014,163,163,1.00962502506517,0.204502436521448,0.999126086518282
"Osteogenesis",0.00164351862680432,8,0.977038400861698,0.573093415587464,0.917170898257313,143969,7,7,1.00962502506517,0.935108067562151,0.999126086518282
"Neurotransmitter transport",0.00452799257349964,22,0.975243920644309,0.575269668956564,0.917170898257313,117641,13,13,1.00962502506517,0.882782568963578,0.999126086518282
"Protease",0.0438513327730193,216,0.98870613851667,0.577383350992069,0.917170898257313,120159,126,127,1.0016752217182,0.657470163020427,0.999126086518282
"Differentiation",0.0206232480439685,101,0.983015997026002,0.582619037394476,0.921410724337519,157367,58,58,1.00962502506517,0.571914213981987,0.999126086518282
"Ichthyosis",0.00187039904445141,9,0.965838502560866,0.585645195373503,0.922134320785472,100451,8,8,1.00962502506517,0.926181021571103,0.999126086518282
"Cyclin",0.00249802356749575,12,0.964230781374747,0.588456558881124,0.92251486741626,85313,9,9,1.00962502506517,0.917337439109315,0.999126086518282
"Oxidation",0.00254818155215313,12,0.945251021986136,0.615411442170655,0.956286035366919,94395,9,10,0.908662522558652,0.996185384532161,0.999126086518282
"Nucleotidyltransferase",0.00234209200897542,11,0.942724968341422,0.617279815069989,0.956286035366919,46869,7,7,1.00962502506517,0.935108067562151,0.999126086518282
"Mitochondrion nucleoid",0.00171238839848414,8,0.937743336932672,0.618588085006858,0.956286035366919,21776,5,5,1.00962502506517,0.95321564026816,0.999126086518282
"Methyltransferase",0.0183775737153449,89,0.97207127546772,0.62065361069775,0.956286035366919,102885,47,47,1.00962502506517,0.636168177506839,0.999126086518282
"Prenylation",0.013695468784841,66,0.967304726709882,0.623687707847221,0.95685421844937,128842,37,37,1.00962502506517,0.700681151669963,0.999126086518282
"Spermatogenesis",0.0180098351231677,87,0.969629438544019,0.628686434008716,0.960418850251613,159944,51,51,1.00962502506517,0.612024600431498,0.999126086518282
"Systemic lupus erythematosus",0.00342633611255348,16,0.937316572671325,0.635183425102248,0.962550463826366,169998,7,7,1.00962502506517,0.935108067562151,0.999126086518282
"Protein phosphatase",0.018248150521773,88,0.967965980938008,0.635444178069216,0.962550463826366,183997,43,43,1.00962502506517,0.66124358163516,0.999126086518282
"Dioxygenase",0.00760010416228109,36,0.95077823867194,0.641523641086321,0.967587446214558,109208,24,25,0.969240024062563,0.976776828724987,0.999126086518282
"Sphingolipid metabolism",0.00512053249587691,24,0.940789348888399,0.644722078117682,0.967587446214558,135900,15,15,1.00962502506517,0.865986376005226,0.999126086518282
"DNA damage",0.0287186947904826,139,0.971507994819085,0.646855117246501,0.967587446214558,129870,82,82,1.00962502506517,0.452985049287631,0.999126086518282
"Chromosomal rearrangement",0.0410461240352385,199,0.973144203270587,0.662359961649347,0.983623191458563,157958,100,103,0.980218470937058,0.983866769241469,0.999126086518282
"Exonuclease",0.00328443839429997,15,0.916698278067541,0.66579508502627,0.983623191458563,63608,10,10,1.00962502506517,0.908576556284554,0.999126086518282
"Nuclease",0.00328443839429997,15,0.916698278067541,0.66579508502627,0.983623191458563,63608,10,10,1.00962502506517,0.908576556284554,0.999126086518282
"Necrosis",0.00374287717634976,17,0.911674111233157,0.680357989699691,0.999999999999992,76010,7,7,1.00962502506517,0.935108067562151,0.999126086518282
"Cytokine",0.0123191128949681,58,0.945028345662799,0.68499343974553,0.999999999999992,171583,33,33,1.00962502506517,0.728242843676473,0.999126086518282
"Synaptosome",0.00775083800218408,36,0.93228805028575,0.685508028050482,0.999999999999992,154375,20,21,0.961547642919209,0.983346754989309,0.999126086518282
"Tumor suppressor",0.0216471986115854,103,0.955062514625857,0.694658651887896,0.999999999999992,159830,48,49,0.989020432716901,0.921128405388884,0.999126086518282
"GPI-anchor",0.0150775421651929,71,0.945200785430971,0.699590377186746,0.999999999999992,174144,43,43,1.00962502506517,0.66124358163516,0.999126086518282
"Eye lens protein",0.00185350645894504,8,0.866347566888583,0.703036012788764,0.999999999999992,74623,5,6,0.841354187554308,0.998697102229266,0.999126086518282
"S-nitrosylation",0.0113640320990311,53,0.936137612040664,0.703607357611031,0.999999999999992,168364,18,18,1.00962502506517,0.841377243580836,0.999126086518282
"GTP-binding",0.029958870452581,143,0.958091261838941,0.709677794676912,0.999999999999992,132332,83,83,1.00962502506517,0.448595127550138,0.999126086518282
"Nucleotide-binding",0.0424557453242623,204,0.964472779024376,0.710829924768719,0.999999999999992,119871,119,119,1.00962502506517,0.315518523422066,0.999126086518282
"Zinc",0.173748038510937,851,0.983118631009981,0.713051825814369,0.999999999999992,137125,488,491,1.00345623672465,0.297791520531698,0.999126086518282
"Sushi",0.00340944352704711,15,0.883088104140375,0.718442933413587,0.999999999999992,59644,12,12,1.00962502506517,0.891299868121417,0.999126086518282
"DNA-directed DNA polymerase",0.00211027375864186,9,0.856051687553023,0.722202299947222,0.999999999999992,50433,6,6,1.00962502506517,0.944119347875939,0.999126086518282
"3D-structure",0.599383498594797,2966,0.99325930233993,0.724755951067829,0.999999999999992,131681,2016,2030,1.00266209385782,0.0738165341269126,0.999126086518282
"Elongation factor",0.00255831710345695,11,0.863047279022033,0.726147131315602,0.999999999999992,46601,6,6,1.00962502506517,0.944119347875939,0.999126086518282
"Chondrogenesis",0.00170537147835072,7,0.823901553058245,0.743640012097348,0.999999999999992,177867,5,5,1.00962502506517,0.95321564026816,0.999126086518282
"Iron transport",0.00216329048853877,9,0.835072045042113,0.74794247141968,0.999999999999992,45199,6,6,1.00962502506517,0.944119347875939,0.999126086518282
"Hydrolase",0.0997733274910976,483,0.97169272487082,0.75348180352231,0.999999999999992,129978,257,258,1.00571174977422,0.286205619584504,0.999126086518282
"Cell projection",0.0232837003182563,109,0.939660073344135,0.757115225936641,0.999999999999992,115562,62,64,0.978074243031883,0.977431352519805,0.999126086518282
"Retinol-binding",0.00285302774906038,12,0.844250890014034,0.757949890708948,0.999999999999992,33266,5,5,1.00962502506517,0.95321564026816,0.999126086518282
"Decarboxylase",0.00373612014214721,16,0.85959805885495,0.759508541204253,0.999999999999992,81295,9,9,1.00962502506517,0.917337439109315,0.999126086518282
"Lyase",0.00373612014214721,16,0.85959805885495,0.759508541204253,0.999999999999992,81295,9,9,1.00962502506517,0.917337439109315,0.999126086518282
"CBS domain",0.00174539391170427,7,0.805009230370489,0.764302275528481,0.999999999999992,34100,5,5,1.00962502506517,0.95321564026816,0.999126086518282
"Endoplasmic reticulum",0.0106023064356593,48,0.908734804448874,0.766002200015204,0.999999999999992,118679,29,29,1.00962502506517,0.756865237458514,0.999126086518282
"Microsome",0.0106023064356593,48,0.908734804448874,0.766002200015204,0.999999999999992,118679,29,29,1.00962502506517,0.756865237458514,0.999126086518282
"Charcot-Marie-Tooth disease",0.00979614027810913,44,0.901558594438679,0.774380059148653,0.999999999999992,75597,21,21,1.00962502506517,0.817453277327514,0.999126086518282
"Neuropathy",0.00979614027810913,44,0.901558594438679,0.774380059148653,0.999999999999992,75597,21,21,1.00962502506517,0.817453277327514,0.999126086518282
"Aortic aneurysm",0.00131086463529428,5,0.765611474902034,0.779927336105175,0.999999999999992,164877,5,5,1.00962502506517,0.95321564026816,0.999126086518282
"rRNA processing",0.00983928134263309,44,0.897605643390691,0.783388918511555,0.999999999999992,119294,16,17,0.950235317708395,0.988950943438394,0.999126086518282
"Zymogen",0.0180607727656177,83,0.922439816362865,0.785085644773081,0.999999999999992,136889,55,55,1.00962502506517,0.588778932644827,0.999126086518282
"Glycogen metabolism",0.00159543972959389,6,0.754861237218934,0.804218648552496,0.999999999999992,63121,5,5,1.00962502506517,0.95321564026816,0.999126086518282
"Metal-binding",0.186903984103297,908,0.97513235426064,0.804754818206389,0.999999999999992,139225,525,528,1.00388851924094,0.243499400439446,0.999126086518282
"Lipid-binding",0.00136128250588252,5,0.737255494350107,0.806356778690404,0.999999999999992,122511,5,5,1.00962502506517,0.95321564026816,0.999126086518282
"Steroid-binding",0.00136128250588252,5,0.737255494350107,0.806356778690404,0.999999999999992,122511,5,5,1.00962502506517,0.95321564026816,0.999126086518282
"Exocytosis",0.00630483268283885,27,0.859580342489351,0.808649272127713,0.999999999999992,100649,14,14,1.00962502506517,0.87434498168555,0.999126086518282
"Autism",0.00523384276173502,22,0.84371988824598,0.814055015572148,0.999999999999992,255443,6,6,1.00962502506517,0.944119347875939,0.999126086518282
"Autism spectrum disorder",0.00523384276173502,22,0.84371988824598,0.814055015572148,0.999999999999992,255443,6,6,1.00962502506517,0.944119347875939,0.999126086518282
"Obesity",0.00368206386852683,15,0.817704181127723,0.814077498910044,0.999999999999992,133070,10,11,0.917840931877427,0.995365958675914,0.999126086518282
"Pyrrolidone carboxylic acid",0.00458048953153482,19,0.832603021942824,0.816285628588283,0.999999999999992,138699,15,15,1.00962502506517,0.865986376005226,0.999126086518282
"Glycosyltransferase",0.0210317887272918,96,0.916202134820178,0.819647372832943,0.999999999999992,140273,56,56,1.00962502506517,0.58310395498078,0.999126086518282
"Endosome",0.0760215726113494,362,0.955802138763582,0.82133785204589,0.999999999999992,125416,187,189,0.998941162366067,0.731514523059603,0.999126086518282
"Glycoprotein",0.02741432730346,126,0.922548545219533,0.831571413981029,0.999999999999992,178240,79,79,1.00962502506517,0.46640873059782,0.999126086518282
"Carboxypeptidase",0.0046496191891455,19,0.820224037881743,0.834230954774438,0.999999999999992,114516,12,12,1.00962502506517,0.891299868121417,0.999126086518282
"Amyloidosis",0.00167704391188619,6,0.718130038011318,0.839391659166299,0.999999999999992,65062,6,6,1.00962502506517,0.944119347875939,0.999126086518282
"Electron transport",0.00822512982601676,35,0.854125247427755,0.845665153667269,0.999999999999992,141666,12,12,1.00962502506517,0.891299868121417,0.999126086518282
"Respiratory chain",0.00822512982601676,35,0.854125247427755,0.845665153667269,0.999999999999992,141666,12,12,1.00962502506517,0.891299868121417,0.999126086518282
"Repeat",0.429826380605025,2106,0.983471042143769,0.847861172612192,0.999999999999992,144660,1275,1288,0.999434710371189,0.665536374526779,0.999126086518282
"Microphthalmia",0.00823760435069839,35,0.852831812343156,0.847909772878397,0.999999999999992,169188,16,16,1.00962502506517,0.85770602818685,0.999126086518282
"mRNA processing",0.0359427440107988,166,0.927028604620863,0.849335118686227,0.999999999999992,140825,72,72,1.00962502506517,0.499263600806612,0.999126086518282
"Steroid metabolism",0.00673884218738711,28,0.834005706312103,0.854569757460657,0.999999999999992,89173,14,14,1.00962502506517,0.87434498168555,0.999126086518282
"Osteogenesis imperfecta",0.00173110018550658,6,0.695705319814898,0.859744485921748,0.999999999999992,205076,6,6,1.00962502506517,0.944119347875939,0.999126086518282
"Motor protein",0.00557117470000068,22,0.792633056369165,0.886302882446781,0.999999999999992,135125,13,13,1.00962502506517,0.882782568963578,0.999126086518282
"Myosin",0.00557117470000068,22,0.792633056369165,0.886302882446781,0.999999999999992,135125,13,13,1.00962502506517,0.882782568963578,0.999126086518282
"Intrahepatic cholestasis",0.00181400379745322,6,0.663910191301867,0.886778683142079,0.999999999999992,117052,6,7,0.865392878627288,0.998187029758674,0.999126086518282
"Corneal dystrophy",0.00376574713826607,14,0.746230778629152,0.892652016991204,0.999999999999992,224882,9,9,1.00962502506517,0.917337439109315,0.999126086518282
"Immunoglobulin domain",0.0471921664143174,217,0.922966835507932,0.894236144235527,0.999999999999992,162313,118,120,0.992797941314083,0.89445547733864,0.999126086518282
"DNA-directed RNA polymerase",0.00337124029520963,12,0.71447627741089,0.908169212766985,0.999999999999992,89131,8,8,1.00962502506517,0.926181021571103,0.999126086518282
"Amidation",0.00548879085991577,21,0.76796051010912,0.909941825107641,0.999999999999992,101956,10,10,1.00962502506517,0.908576556284554,0.999126086518282
"Sulfation",0.00910458381607145,37,0.815713974469882,0.910293490739163,0.999999999999992,85755,13,13,1.00962502506517,0.882782568963578,0.999126086518282
"Stress response",0.0124243666969694,52,0.84008911887006,0.911183550176466,0.999999999999992,124325,28,28,1.00962502506517,0.764191216768457,0.999126086518282
"Actin-binding",0.0408345768875125,185,0.909368581307983,0.91395644652012,0.999999999999992,118755,98,98,1.00962502506517,0.387535618184531,0.999126086518282
"Iron",0.0175098145921792,75,0.859757539014292,0.918139364634631,0.999999999999992,184440,48,48,1.00962502506517,0.630046270425781,0.999126086518282
"Nitration",0.00692881880285105,27,0.782169427583048,0.919060844327973,0.999999999999992,55720,18,19,0.956486865851213,0.986274580326668,0.999126086518282
"Methylation",0.117250396455988,550,0.94155272892525,0.937393300532994,0.999999999999992,141633,261,265,0.994385402045318,0.894096541342458,0.999126086518282
"GPI-anchor biosynthesis",0.00230492832086141,7,0.609588678674958,0.939387124931542,0.999999999999992,80917,5,6,0.841354187554308,0.998697102229266,0.999126086518282
"Olfaction",0.00741376594984929,28,0.758080694243097,0.94562114503794,0.999999999999992,49272,30,30,1.00962502506517,0.749608039816083,0.999126086518282
"Asthma",0.00210429638223191,6,0.572322234813762,0.949307730998185,0.999999999999992,175628,6,6,1.00962502506517,0.944119347875939,0.999126086518282
"Iron-sulfur",0.00654028933620455,24,0.736564115916241,0.950510553469262,0.999999999999992,236188,16,16,1.00962502506517,0.85770602818685,0.999126086518282
"Alternative promoter usage",0.0189048822690745,79,0.838782557972762,0.951764136172207,0.999999999999992,138389,38,38,1.00962502506517,0.693951920921632,0.999126086518282
"Sensory transduction",0.0198716579319005,83,0.838378758852482,0.956127283684363,0.999999999999992,92380,68,68,1.00962502506517,0.5190442401717,0.999126086518282
"Unfolded protein response",0.0073708847712562,27,0.735259118143701,0.960196840481083,0.999999999999992,125805,11,11,1.00962502506517,0.899897616045418,0.999126086518282
"Growth regulation",0.0113486988291099,44,0.77822088620435,0.963660013684815,0.999999999999992,146715,19,20,0.959143773811911,0.984841462728382,0.999126086518282
"Holoprosencephaly",0.00602519542122572,21,0.69959135496483,0.965351775194698,0.999999999999992,115304,8,8,1.00962502506517,0.926181021571103,0.999126086518282
"Translation regulation",0.0221360440475467,92,0.83422671575406,0.967618559004998,0.999999999999992,175145,31,31,1.00962502506517,0.742418991681982,0.999126086518282
"Antimicrobial",0.00460933686986108,15,0.653204377436715,0.96871274717211,0.999999999999992,403555,7,7,1.00962502506517,0.935108067562151,0.999126086518282
"Defensin",0.00359993991437278,11,0.613329296469311,0.968864147088499,0.999999999999992,519252,5,5,1.00962502506517,0.95321564026816,0.999126086518282
"LIM domain",0.0117205955961809,45,0.770653418360778,0.970362250656741,0.999999999999992,131141,22,22,1.00962502506517,0.809627637656249,0.999126086518282
"Kallmann syndrome",0.00942346385324553,35,0.74551047864978,0.970642631075336,0.999999999999992,165354,11,11,1.00962502506517,0.899897616045418,0.999126086518282
"Phagocytosis",0.00390946405803565,12,0.616112894407636,0.972605767150801,0.999999999999992,54389,9,9,1.00962502506517,0.917337439109315,0.999126086518282
"Lipoprotein",0.0869287252439159,395,0.912073969987154,0.975008483893106,0.999999999999992,144488,220,220,1.00962502506517,0.115923875540967,0.999126086518282
"Sodium",0.0100659018743493,37,0.737811310224191,0.977851075500503,0.999999999999992,94898,28,28,1.00962502506517,0.764191216768457,0.999126086518282
"Cardiomyopathy",0.0114614893231063,43,0.75304976651604,0.977927195143117,0.999999999999992,134009,28,29,0.97481036902844,0.969318637446869,0.999126086518282
"Selenocysteine",0.00427096538787195,13,0.61096112489079,0.978705465209288,0.999999999999992,254775,10,10,1.00962502506517,0.908576556284554,0.999126086518282
"Transport",0.108514590775817,493,0.911916469162556,0.986638941366494,0.999999999999992,141422,279,280,1.00601922140422,0.244048351150529,0.999126086518282
"Sodium channel",0.00394168991346318,11,0.560152793215065,0.987009993770799,0.999999999999992,128006,6,6,1.00962502506517,0.944119347875939,0.999126086518282
"Direct protein sequencing",0.234925186637081,1101,0.940706219142735,0.990599065698303,0.999999999999992,107332,669,678,0.996222922962534,0.89729482678603,0.999126086518282
"Chemotaxis",0.0101337321023057,35,0.693258019537892,0.991199761601159,0.999999999999992,111669,17,18,0.953534745894882,0.987644836831106,0.999126086518282
"Sodium transport",0.00496823934038872,14,0.565616152238134,0.992765434766294,0.999999999999992,113350,9,9,1.00962502506517,0.917337439109315,0.999126086518282
"2Fe-2S",0.00498669124148029,14,0.563523242773421,0.993098509019409,0.999999999999992,238299,6,6,1.00962502506517,0.944119347875939,0.999126086518282
"Meiosis",0.00810402298223264,26,0.643974930343792,0.993675734892882,0.999999999999992,75001,18,18,1.00962502506517,0.841377243580836,0.999126086518282
"Golgi apparatus",0.110928411301711,495,0.895691973856831,0.996085767630451,0.999999999999992,140082,266,267,1.00584365793009,0.26828875248305,0.999126086518282
"Citrullination",0.00467872641340263,12,0.514813435014946,0.996332359614133,0.999999999999992,80238,7,7,1.00962502506517,0.935108067562151,0.999126086518282
"Immunity",0.0438871970314789,181,0.827822082622192,0.996600936288664,0.999999999999992,60544,99,99,1.00962502506517,0.383767801763046,0.999126086518282
"Hypogonadotropic hypogonadism",0.0116423699309899,39,0.672387280221566,0.996737729452572,0.999999999999992,163458,13,13,1.00962502506517,0.882782568963578,0.999126086518282
"Transmembrane helix",0.388639918167118,1843,0.951862474807497,0.996841173689373,0.999999999999992,135822,1200,1217,0.995521799571244,0.973334265067486,0.999126086518282
"Transmembrane",0.389006357329641,1844,0.951481820137077,0.997060652726008,0.999999999999992,135680,1204,1221,0.995568001784164,0.972482894819955,0.999126086518282
"Schizophrenia",0.00483569751564643,12,0.498102126649867,0.997647384067024,0.999999999999992,191584,8,8,1.00962502506517,0.926181021571103,0.999126086518282
"Adaptive immunity",0.00799669009278448,23,0.577316336862755,0.998540853557126,0.999999999999992,28742,8,8,1.00962502506517,0.926181021571103,0.999126086518282
"MHC II",0.00799669009278448,23,0.577316336862755,0.998540853557126,0.999999999999992,28742,8,8,1.00962502506517,0.926181021571103,0.999126086518282
"Cell adhesion",0.060829680636575,251,0.828236683397949,0.999306055624859,0.999999999999992,171468,143,145,0.995699162650477,0.840705094471805,0.999126086518282
"Membrane",0.429199535739773,2021,0.945155676040725,0.999635872374893,0.999999999999992,136630,1322,1339,0.996806783522146,0.936499534891139,0.999126086518282
"SH3-binding",0.0189028031816275,63,0.66897611769456,0.999758528740557,0.999999999999992,203992,20,20,1.00962502506517,0.82535296673998,0.999126086518282
"Myristate",0.0339382438260199,126,0.745207910628213,0.999811991057219,0.999999999999992,140913,59,59,1.00962502506517,0.566398465082822,0.999126086518282
"Signal",0.279505499446183,1277,0.917058027304926,0.999888917301151,0.999999999999992,140827,792,799,1.00077974950139,0.499482095443665,0.999126086518282
"Keratin",0.00734177754699907,17,0.464776302654157,0.999894746041743,0.999999999999992,145000,7,7,1.00962502506517,0.935108067562151,0.999126086518282
"Cleavage on pair of basic residues",0.0361332403981245,129,0.716603750197225,0.999979679984139,0.999999999999992,191524,73,73,1.00962502506517,0.494434938135101,0.999126086518282
"Receptor",0.0598249616278423,230,0.771687888428909,0.999989273276737,0.999999999999992,123082,136,138,0.994992778325095,0.856547418950284,0.999126086518282
"MHC I",0.010452092367618,24,0.460897422575666,0.999995436332051,0.999999999999992,40231,5,5,1.00962502506517,0.95321564026816,0.999126086518282
"EGF-like domain",0.0435815711767791,156,0.718485473731852,0.999996366665296,0.999999999999992,153846,90,90,1.00962502506517,0.419010868623772,0.999126086518282
"G-protein coupled receptor",0.055437307457011,204,0.738625531375152,0.999998704555564,0.999999999999992,121161,121,123,0.993208357990939,0.888449318366141,0.999126086518282
"Transducer",0.055437307457011,204,0.738625531375152,0.999998704555564,0.999999999999992,121161,121,123,0.993208357990939,0.888449318366141,0.999126086518282
"Disulfide bond",0.293098573174262,1308,0.895757218269399,0.999999217679184,0.999999999999992,138321,802,807,1.00336960359636,0.195870958294465,0.999126086518282
"Neurodegeneration",0.0257539160911493,77,0.60012777281704,0.99999969630072,0.999999999999992,126746,40,40,1.00962502506517,0.680682754899554,0.999126086518282
"Lysosome",0.0460455496873312,152,0.662601176761741,0.999999988581673,0.999999999999992,93481,103,105,0.990394072206785,0.922363795709651,0.999126086518282
"Symport",0.0228567077338415,56,0.491779735179998,0.999999999533277,0.999999999999992,117130,34,34,1.00962502506517,0.721254507711564,0.999126086518282
"Spinocerebellar ataxia",0.0195236706704693,38,0.390677500179497,0.99999999999836,0.999999999999992,122920,15,15,1.00962502506517,0.865986376005226,0.999126086518282
"Amino-acid transport",0.0154551564227429,21,0.272735811490098,0.999999999999992,0.999999999999992,74260,13,14,0.937508951846229,0.992471203577929,0.999126086518282
